# DBLP Edges
24744   35249  1
837     35249  1
34229   35249  1
33615   35249  1
9993    35249  1
35689   35249  1
9993    24744  1
35689   24744  1
33615   24744  1
837     12202  1
33615   837    1
35689   837    2
9993    837    1 
837     37376  1
16873   837    1
35689   33615  1
9993    33615  1 
33615   35249  1 
9993    9449   1 
9993    35689  1
9993    837    1   
9993    19401  1 
9993    4439   1 
9993    25785  1 
9993    35249  1 
35689   16268  1 
36929   35689  2 
35689   24744  1 
32742   35689  1 
35689   16873  1 
35689   15109  1 
35689   12202  1 
1482    35689  1 
35689   35249  1 
35078   35689  1 
16873   12202  1
34229   35249  1 
37376   837    1
4694    37376  1 
989     37376  1 
34119   37376  1 
37376   15590  1 
37900   37376  1 
36069   37376  1 
37376   463    1 
20958   37376  1 
37376   36406  1 
9822    37376  1 
2654    37376  1 
24200   37376  1 
38932   37376  1
37376   33062  1 
9480    37376  1 
35010   37376  1
37376   7075   1 
7186    37376  1 
34601   37376  1 
27241   37376  1
33922   37376  1 
16873   12202  1 
9449    13145  1
1826    9449   1 
9449    7583   1 
9449    9144   1 
8517    9449   1 
2857    9449   1 
9449    1908   1 
9449    1849   1 
26127   9449   1 
24743   9449   1 
9449    1080   1 
27154   9449   1 
16141   9449   1 
9449    38041  1 
9449    7937   1 
9449    10410  1
25785   19401  1 
4439    19401  1
25785   4439   1
2180    16268  1 
1482    16268  1
16268   15109  1 
16268   9809   1
36929   35078  1 
36929   32742  1 
36929   35092  1 
36929   34019  1 
32742   35092  1 
19391   15109  1 
1482    15109  1 
16268   15109  1 
2180    15109  1 
1482    19391  1 
1482    2180   1 
1482    15109  1 
1482    16268  1 
35078   34019  1 
37900   4694   1 
4694    989    1 
9822    4694   1 
4694    25969  1 
34119   4694   1 
4694    36406  1 
4694    6103   1 
4694    33062  1 
4694    15590  1 
4694    34601  1 
4694    25014  1 
4694    12189  1 
4694    28705  1 
4694    37376  1 
4694    7186   1 
22670   4694   1 
4694    615    1 
9480    4694   1 
4694    20958  1 
24200   4694   1 
4694    2654   1 
4694    34787  1 
35010   4694   1 
14301   4694   1 
4694    38932  1 
4694    7075   1 
36069   4694   1 
4694    463    1 
4694    33922  1 
4694    27241  1 
4694    33380  1 
9480    989    1 
37900   989    1 
9822    989    1 
989     7186   1 
34119   989    1 
34601   989    1 
989     7075   1 
989     38932  1 
24200   989    1 
35010   989    1 
989     463    1 
989     33922  1 
989     20958  1 
989     36406  1 
27241   981    1 
989     2654   1 
989     33062  1 
989     15590  1 
36069   989    1 
36069   34119  1 
34119   34601  1 
34119   4694   1 
34119   36406  1 
34119   38932  1 
34119   28705  1 
34119   7186   1 
34119   2654   1 
34119   24200  1 
34119   35010  1 
34119   37900  1 
34119   20958  1 
34119   463    1 
34119   9822   1 
34119   33062  1 
9480    34119  1 
34119   7075   1 
34119   27241  1 
34119   33922  1 
34119   15590  1 
37900   27241  1 
24200   37900  1 
37900   20958  1 
37900   33922  1 
35010   37900  1 
9480    37900  1 
37900   7186   1 
37900   15590  1 
37900   33062  1 
37900   7075   1 
37900   36406  1 
37900   38932  1 
37900   9822   1 
37900   2654   1 
37900   34601  1 
37900   463    1 
37900   28705  1 
36069   37900  1 
36069   34119  1 
36069   20958  1 
36069   2654   1 
36069   38932  1 
36069   463    1 
36069   35010  1 
36069   33922  1 
36069   15590  1 
36069   9822   1 
36069   36406  1 
36069   9480   1 
36069   33062  1 
36069   7186   1 
36069   4694   1 
36069   7075   1 
36069   27241  1 
36069   34601  1 
36069   24200  1 
36069   989    1 
36069   37900  1 
20958   33062  1 
9822    20958  1 
20958   463    1 
33922   20958  1 
20958   7075   1 
34119   20958  1 
2654    20958  1
4694    20958  1 
27241   20958  1 
20958   36406  1 
20958   15590  1 
989     20958  1 
24200   20958  1 
38932   20958  1 
34601   20958  1 
9480    20958  1 
20958   7186   1 
36406   7075   1 
36406   463    1 
34601   36406  1 
34119   36406  1 
4694    36406  1 
27241   36406  1 
9822    36406  1 
7186    36406  1 
36406   15590  1 
36406   33062  1 
9480    36406  1 
37376   36406  1 
35010   36406  1 
2654    36406  1 
38932   36406  1 
33922   36406  1 
9822    33922  1 
9822    7186   1 
9480    9822   1 
9822    463    1 
9822    989    1 
9822    38932  1 
9822    36406  1 
9822    7075   1 
24200   9822   1 
9822    28705  1 
9822    15590  1 
35010   9822   1 
36069   9822   1 
9822    33062  1 
9822    34601  1 
9822    2654   1 
9822    27241  1 
